227 10 23
0
#Vertices
274
#Colors
255 255 255
255 255 255
255 255 255
255 255 255
255 255 255
255 255 255
255 255 255
255 255 255
255 255 255
255 255 255
255 255 255
20 20 20
255 255 255
255 255 255
255 255 255
255 255 255
255 255 255
255 255 255
255 255 255
255 255 255
255 255 255
255 255 255
255 255 255
255 255 255
255 255 255
255 255 255
255 255 255
255 255 255
255 255 255
255 255 255
255 255 255
255 255 255
255 255 255
255 255 255
255 255 255
255 255 255
255 255 255
255 255 255
255 255 255
255 255 255
255 255 255
255 255 255
255 255 255
255 255 255
255 255 255
255 255 255
255 255 255
255 255 255
255 255 255
255 255 255
255 255 255
255 255 255
255 255 255
255 255 255
255 255 255
255 255 255
255 255 255
255 255 255
255 255 255
255 255 255
255 255 255
255 255 255
255 255 255
255 255 255
255 255 255
255 255 255
255 255 255
255 255 255
255 255 255
255 255 255
255 255 255
255 255 255
255 255 255
255 255 255
255 255 255
255 255 255
255 255 255
255 255 255
255 255 255
255 255 255
255 255 255
255 255 255
255 255 255
255 255 255
255 255 255
255 255 255
255 255 255
255 255 255
255 255 255
255 255 255
255 255 255
255 255 255
255 255 255
255 255 255
255 255 255
255 255 255
255 255 255
255 255 255
255 255 255
255 255 255
255 255 255
255 255 255
255 255 255
255 255 255
255 255 255
255 255 255
255 255 255
255 255 255
255 255 255
255 255 255
255 255 255
255 255 255
255 255 255
255 255 255
255 255 255
255 255 255
255 255 255
255 255 255
255 255 255
255 255 255
255 255 255
255 255 255
255 255 255
255 255 255
255 255 255
255 255 255
255 255 255
255 255 255
255 255 255
255 255 255
255 255 255
255 255 255
255 255 255
255 255 255
255 255 255
255 255 255
255 255 255
255 255 255
255 255 255
255 255 255
255 255 255
255 255 255
255 255 255
255 255 255
255 255 255
255 255 255
255 255 255
255 255 255
255 255 255
255 255 255
255 255 255
255 255 255
255 255 255
255 255 255
255 255 255
255 255 255
255 255 255
255 255 255
255 255 255
255 255 255
255 255 255
255 255 255
255 255 255
255 255 255
255 255 255
255 255 255
255 255 255
255 255 255
255 255 255
255 255 255
255 255 255
255 255 255
255 255 255
255 255 255
20 20 20
227 10 23
227 10 23
227 10 23
227 10 23
227 10 23
227 10 23
227 10 23
227 10 23
227 10 23
227 10 23
227 10 23
227 10 23
227 10 23
227 10 23
227 10 23
227 10 23
227 10 23
227 10 23
227 10 23
227 10 23
227 10 23
227 10 23
227 10 23
227 10 23
227 10 23
227 10 23
227 10 23
227 10 23
227 10 23
227 10 23
227 10 23
227 10 23
227 10 23
227 10 23
227 10 23
227 10 23
227 10 23
227 10 23
227 10 23
227 10 23
227 10 23
227 10 23
227 10 23
227 10 23
227 10 23
227 10 23
227 10 23
227 10 23
227 10 23
227 10 23
227 10 23
227 10 23
227 10 23
227 10 23
227 10 23
227 10 23
227 10 23
227 10 23
227 10 23
227 10 23
227 10 23
227 10 23
227 10 23
227 10 23
227 10 23
227 10 23
227 10 23
227 10 23
227 10 23
227 10 23
227 10 23
227 10 23
227 10 23
227 10 23
227 10 23
227 10 23
227 10 23
227 10 23
227 10 23
227 10 23
227 10 23
227 10 23
227 10 23
227 10 23
227 10 23
227 10 23
227 10 23
227 10 23
227 10 23
227 10 23
227 10 23
227 10 23
227 10 23
227 10 23
227 10 23
227 10 23
227 10 23
227 10 23
20 20 20
#Positions
0 5 30
-4.75528258148 1.54508497187 30
-2.93892626146 -4.04508497187 30
2.93892626146 -4.04508497187 30
4.75528258148 1.54508497187 30
-1.18882064537 1.63627124297 30
-1.92355221073 -0.625 30
0 -2.02254248594 30
1.92355221073 -0.625 30
1.18882064537 1.63627124297 30
0 0 30
0 0 25
-10 0.0 0
-9.75 2.22204860433 0
-9.5 3.1224989992 0
-9.25 3.79967103839 0
-9.0 4.35889894354 0
-8.75 4.84122918276 0
-8.5 5.26782687643 0
-8.25 5.65132727773 0
-8.0 6.0 0
-7.75 6.31961232988 0
-7.5 6.61437827766 0
-7.25 6.88748865698 0
-7.0 7.14142842854 0
-6.75 7.37817728169 0
-6.5 7.59934207679 0
-6.25 7.806247498 0
-6.0 8.0 0
-5.75 8.18153408598 0
-5.5 8.35164654425 0
-5.25 8.51102226527 0
-5.0 8.66025403784 0
-4.75 8.7998579534 0
-4.5 8.93028554975 0
-4.25 9.05193349512 0
-4.0 9.16515138991 0
-3.75 9.27024810887 0
-3.5 9.3674969976 0
-3.25 9.45714015969 0
-3.0 9.53939201417 0
-2.75 9.61444226151 0
-2.5 9.68245836552 0
-2.25 9.74358763495 0
-2.0 9.79795897113 0
-1.75 9.84568433376 0
-1.5 9.88685996664 0
-1.25 9.92156741649 0
-1.0 9.94987437107 0
-0.75 9.97183533759 0
-0.5 9.98749217772 0
-0.25 9.99687451157 0
0.0 10.0 0
0.25 9.99687451157 0
0.5 9.98749217772 0
0.75 9.97183533759 0
1.0 9.94987437107 0
1.25 9.92156741649 0
1.5 9.88685996664 0
1.75 9.84568433376 0
2.0 9.79795897113 0
2.25 9.74358763495 0
2.5 9.68245836552 0
2.75 9.61444226151 0
3.0 9.53939201417 0
3.25 9.45714015969 0
3.5 9.3674969976 0
3.75 9.27024810887 0
4.0 9.16515138991 0
4.25 9.05193349512 0
4.5 8.93028554975 0
4.75 8.7998579534 0
5.0 8.66025403784 0
5.25 8.51102226527 0
5.5 8.35164654425 0
5.75 8.18153408598 0
6.0 8.0 0
6.25 7.806247498 0
6.5 7.59934207679 0
6.75 7.37817728169 0
7.0 7.14142842854 0
7.25 6.88748865698 0
7.5 6.61437827766 0
7.75 6.31961232988 0
8.0 6.0 0
8.25 5.65132727773 0
8.5 5.26782687643 0
8.75 4.84122918276 0
9.0 4.35889894354 0
9.25 3.79967103839 0
9.5 3.1224989992 0
9.75 2.22204860433 0
10.0 0.0 0
9.75 -2.22204860433 0
9.5 -3.1224989992 0
9.25 -3.79967103839 0
9.0 -4.35889894354 0
8.75 -4.84122918276 0
8.5 -5.26782687643 0
8.25 -5.65132727773 0
8.0 -6.0 0
7.75 -6.31961232988 0
7.5 -6.61437827766 0
7.25 -6.88748865698 0
7.0 -7.14142842854 0
6.75 -7.37817728169 0
6.5 -7.59934207679 0
6.25 -7.806247498 0
6.0 -8.0 0
5.75 -8.18153408598 0
5.5 -8.35164654425 0
5.25 -8.51102226527 0
5.0 -8.66025403784 0
4.75 -8.7998579534 0
4.5 -8.93028554975 0
4.25 -9.05193349512 0
4.0 -9.16515138991 0
3.75 -9.27024810887 0
3.5 -9.3674969976 0
3.25 -9.45714015969 0
3.0 -9.53939201417 0
2.75 -9.61444226151 0
2.5 -9.68245836552 0
2.25 -9.74358763495 0
2.0 -9.79795897113 0
1.75 -9.84568433376 0
1.5 -9.88685996664 0
1.25 -9.92156741649 0
1.0 -9.94987437107 0
0.75 -9.97183533759 0
0.5 -9.98749217772 0
0.25 -9.99687451157 0
0.0 -10.0 0
-0.25 -9.99687451157 0
-0.5 -9.98749217772 0
-0.75 -9.97183533759 0
-1.0 -9.94987437107 0
-1.25 -9.92156741649 0
-1.5 -9.88685996664 0
-1.75 -9.84568433376 0
-2.0 -9.79795897113 0
-2.25 -9.74358763495 0
-2.5 -9.68245836552 0
-2.75 -9.61444226151 0
-3.0 -9.53939201417 0
-3.25 -9.45714015969 0
-3.5 -9.3674969976 0
-3.75 -9.27024810887 0
-4.0 -9.16515138991 0
-4.25 -9.05193349512 0
-4.5 -8.93028554975 0
-4.75 -8.7998579534 0
-5.0 -8.66025403784 0
-5.25 -8.51102226527 0
-5.5 -8.35164654425 0
-5.75 -8.18153408598 0
-6.0 -8.0 0
-6.25 -7.806247498 0
-6.5 -7.59934207679 0
-6.75 -7.37817728169 0
-7.0 -7.14142842854 0
-7.25 -6.88748865698 0
-7.5 -6.61437827766 0
-7.75 -6.31961232988 0
-8.0 -6.0 0
-8.25 -5.65132727773 0
-8.5 -5.26782687643 0
-8.75 -4.84122918276 0
-9.0 -4.35889894354 0
-9.25 -3.79967103839 0
-9.5 -3.1224989992 0
-9.75 -2.22204860433 0
-10 -0.0 0
0 0 0
0 0 -10
-6 0.0 10
-5.75 1.7139136501 10
-5.5 2.39791576166 10
-5.25 2.90473750966 10
-5.0 3.31662479036 10
-4.75 3.66571957465 10
-4.5 3.9686269666 10
-4.25 4.23526858652 10
-4.0 4.472135955 10
-3.75 4.6837484988 10
-3.5 4.8733971724 10
-3.25 5.04356025046 10
-3.0 5.19615242271 10
-2.75 5.33268225193 10
-2.5 5.45435605732 10
-2.25 5.56214886532 10
-2.0 5.65685424949 10
-1.75 5.73912014162 10
-1.5 5.80947501931 10
-1.25 5.86834729715 10
-1.0 5.9160797831 10
-0.75 5.9529404499 10
-0.5 5.97913037155 10
-0.25 5.99478940414 10
0.0 6.0 10
0.25 5.99478940414 10
0.5 5.97913037155 10
0.75 5.9529404499 10
1.0 5.9160797831 10
1.25 5.86834729715 10
1.5 5.80947501931 10
1.75 5.73912014162 10
2.0 5.65685424949 10
2.25 5.56214886532 10
2.5 5.45435605732 10
2.75 5.33268225193 10
3.0 5.19615242271 10
3.25 5.04356025046 10
3.5 4.8733971724 10
3.75 4.6837484988 10
4.0 4.472135955 10
4.25 4.23526858652 10
4.5 3.9686269666 10
4.75 3.66571957465 10
5.0 3.31662479036 10
5.25 2.90473750966 10
5.5 2.39791576166 10
5.75 1.7139136501 10
6.0 0.0 10
5.75 -1.7139136501 10
5.5 -2.39791576166 10
5.25 -2.90473750966 10
5.0 -3.31662479036 10
4.75 -3.66571957465 10
4.5 -3.9686269666 10
4.25 -4.23526858652 10
4.0 -4.472135955 10
3.75 -4.6837484988 10
3.5 -4.8733971724 10
3.25 -5.04356025046 10
3.0 -5.19615242271 10
2.75 -5.33268225193 10
2.5 -5.45435605732 10
2.25 -5.56214886532 10
2.0 -5.65685424949 10
1.75 -5.73912014162 10
1.5 -5.80947501931 10
1.25 -5.86834729715 10
1.0 -5.9160797831 10
0.75 -5.9529404499 10
0.5 -5.97913037155 10
0.25 -5.99478940414 10
0.0 -6.0 10
-0.25 -5.99478940414 10
-0.5 -5.97913037155 10
-0.75 -5.9529404499 10
-1.0 -5.9160797831 10
-1.25 -5.86834729715 10
-1.5 -5.80947501931 10
-1.75 -5.73912014162 10
-2.0 -5.65685424949 10
-2.25 -5.56214886532 10
-2.5 -5.45435605732 10
-2.75 -5.33268225193 10
-3.0 -5.19615242271 10
-3.25 -5.04356025046 10
-3.5 -4.8733971724 10
-3.75 -4.6837484988 10
-4.0 -4.472135955 10
-4.25 -4.23526858652 10
-4.5 -3.9686269666 10
-4.75 -3.66571957465 10
-5.0 -3.31662479036 10
-5.25 -2.90473750966 10
-5.5 -2.39791576166 10
-5.75 -1.7139136501 10
-6 -0.0 10
0 0 10
0 0 8
#Translations
16
1 0 0
-1 0 0
0.5 0 0
-0.5 0 0
0 1 0
0 -1 0
0 0.5 0
0 -0.5 0
0 0.25 0
0 -0.25 0
0.25 0 0
-0.25 0 0
10 0 0
-10 0 0
5 0 0
-5 0 0
#Scalings
8
1.5 1.5 1.5
5 5 5
0.5 0.5 0.5
2 2 2
1.25 1.25 1.25
0.8 0.8 0.8
0.95 0.95 0.95
1.4 1.4 1.4
#Rotations
11
180 1 0 0
60 0 1 0
60 0 0 1
30 0 1 1
45 0 0 0
100 0 1 1
72 0 0 1
288 0 0 1
144 0 0 1
216 0 0 1
306 0 0 1
#Models
3
1
1
3
t 2
t 2
t 16
320
174 14 13
174 15 14
174 16 15
174 17 16
174 18 17
174 19 18
174 20 19
174 21 20
174 22 21
174 23 22
174 24 23
174 25 24
174 26 25
174 27 26
174 28 27
174 29 28
174 30 29
174 31 30
174 32 31
174 33 32
174 34 33
174 35 34
174 36 35
174 37 36
174 38 37
174 39 38
174 40 39
174 41 40
174 42 41
174 43 42
174 44 43
174 45 44
174 46 45
174 47 46
174 48 47
174 49 48
174 50 49
174 51 50
174 52 51
174 53 52
174 54 53
174 55 54
174 56 55
174 57 56
174 58 57
174 59 58
174 60 59
174 61 60
174 62 61
174 63 62
174 64 63
174 65 64
174 66 65
174 67 66
174 68 67
174 69 68
174 70 69
174 71 70
174 72 71
174 73 72
174 74 73
174 75 74
174 76 75
174 77 76
174 78 77
174 79 78
174 80 79
174 81 80
174 82 81
174 83 82
174 84 83
174 85 84
174 86 85
174 87 86
174 88 87
174 89 88
174 90 89
174 91 90
174 92 91
174 93 92
174 94 93
174 95 94
174 96 95
174 97 96
174 98 97
174 99 98
174 100 99
174 101 100
174 102 101
174 103 102
174 104 103
174 105 104
174 106 105
174 107 106
174 108 107
174 109 108
174 110 109
174 111 110
174 112 111
174 113 112
174 114 113
174 115 114
174 116 115
174 117 116
174 118 117
174 119 118
174 120 119
174 121 120
174 122 121
174 123 122
174 124 123
174 125 124
174 126 125
174 127 126
174 128 127
174 129 128
174 130 129
174 131 130
174 132 131
174 133 132
174 134 133
174 135 134
174 136 135
174 137 136
174 138 137
174 139 138
174 140 139
174 141 140
174 142 141
174 143 142
174 144 143
174 145 144
174 146 145
174 147 146
174 148 147
174 149 148
174 150 149
174 151 150
174 152 151
174 153 152
174 154 153
174 155 154
174 156 155
174 157 156
174 158 157
174 159 158
174 160 159
174 161 160
174 162 161
174 163 162
174 164 163
174 165 164
174 166 165
174 167 166
174 168 167
174 169 168
174 170 169
174 171 170
174 172 171
174 173 172
175 13 14
175 14 15
175 15 16
175 16 17
175 17 18
175 18 19
175 19 20
175 20 21
175 21 22
175 22 23
175 23 24
175 24 25
175 25 26
175 26 27
175 27 28
175 28 29
175 29 30
175 30 31
175 31 32
175 32 33
175 33 34
175 34 35
175 35 36
175 36 37
175 37 38
175 38 39
175 39 40
175 40 41
175 41 42
175 42 43
175 43 44
175 44 45
175 45 46
175 46 47
175 47 48
175 48 49
175 49 50
175 50 51
175 51 52
175 52 53
175 53 54
175 54 55
175 55 56
175 56 57
175 57 58
175 58 59
175 59 60
175 60 61
175 61 62
175 62 63
175 63 64
175 64 65
175 65 66
175 66 67
175 67 68
175 68 69
175 69 70
175 70 71
175 71 72
175 72 73
175 73 74
175 74 75
175 75 76
175 76 77
175 77 78
175 78 79
175 79 80
175 80 81
175 81 82
175 82 83
175 83 84
175 84 85
175 85 86
175 86 87
175 87 88
175 88 89
175 89 90
175 90 91
175 91 92
175 92 93
175 93 94
175 94 95
175 95 96
175 96 97
175 97 98
175 98 99
175 99 100
175 100 101
175 101 102
175 102 103
175 103 104
175 104 105
175 105 106
175 106 107
175 107 108
175 108 109
175 109 110
175 110 111
175 111 112
175 112 113
175 113 114
175 114 115
175 115 116
175 116 117
175 117 118
175 118 119
175 119 120
175 120 121
175 121 122
175 122 123
175 123 124
175 124 125
175 125 126
175 126 127
175 127 128
175 128 129
175 129 130
175 130 131
175 131 132
175 132 133
175 133 134
175 134 135
175 135 136
175 136 137
175 137 138
175 138 139
175 139 140
175 140 141
175 141 142
175 142 143
175 143 144
175 144 145
175 145 146
175 146 147
175 147 148
175 148 149
175 149 150
175 150 151
175 151 152
175 152 153
175 153 154
175 154 155
175 155 156
175 156 157
175 157 158
175 158 159
175 159 160
175 160 161
175 161 162
175 162 163
175 163 164
175 164 165
175 165 166
175 166 167
175 167 168
175 168 169
175 169 170
175 170 171
175 171 172
175 172 173
2
1
5
t 2
t 2
t 2
t 4
t 11
192
273 177 176
273 178 177
273 179 178
273 180 179
273 181 180
273 182 181
273 183 182
273 184 183
273 185 184
273 186 185
273 187 186
273 188 187
273 189 188
273 190 189
273 191 190
273 192 191
273 193 192
273 194 193
273 195 194
273 196 195
273 197 196
273 198 197
273 199 198
273 200 199
273 201 200
273 202 201
273 203 202
273 204 203
273 205 204
273 206 205
273 207 206
273 208 207
273 209 208
273 210 209
273 211 210
273 212 211
273 213 212
273 214 213
273 215 214
273 216 215
273 217 216
273 218 217
273 219 218
273 220 219
273 221 220
273 222 221
273 223 222
273 224 223
273 225 224
273 226 225
273 227 226
273 228 227
273 229 228
273 230 229
273 231 230
273 232 231
273 233 232
273 234 233
273 235 234
273 236 235
273 237 236
273 238 237
273 239 238
273 240 239
273 241 240
273 242 241
273 243 242
273 244 243
273 245 244
273 246 245
273 247 246
273 248 247
273 249 248
273 250 249
273 251 250
273 252 251
273 253 252
273 254 253
273 255 254
273 256 255
273 257 256
273 258 257
273 259 258
273 260 259
273 261 260
273 262 261
273 263 262
273 264 263
273 265 264
273 266 265
273 267 266
273 268 267
273 269 268
273 270 269
273 271 270
273 272 271
274 176 177
274 177 178
274 178 179
274 179 180
274 180 181
274 181 182
274 182 183
274 183 184
274 184 185
274 185 186
274 186 187
274 187 188
274 188 189
274 189 190
274 190 191
274 191 192
274 192 193
274 193 194
274 194 195
274 195 196
274 196 197
274 197 198
274 198 199
274 199 200
274 200 201
274 201 202
274 202 203
274 203 204
274 204 205
274 205 206
274 206 207
274 207 208
274 208 209
274 209 210
274 210 211
274 211 212
274 212 213
274 213 214
274 214 215
274 215 216
274 216 217
274 217 218
274 218 219
274 219 220
274 220 221
274 221 222
274 222 223
274 223 224
274 224 225
274 225 226
274 226 227
274 227 228
274 228 229
274 229 230
274 230 231
274 231 232
274 232 233
274 233 234
274 234 235
274 235 236
274 236 237
274 237 238
274 238 239
274 239 240
274 240 241
274 241 242
274 242 243
274 243 244
274 244 245
274 245 246
274 246 247
274 247 248
274 248 249
274 249 250
274 250 251
274 251 252
274 252 253
274 253 254
274 254 255
274 255 256
274 256 257
274 257 258
274 258 259
274 259 260
274 260 261
274 261 262
274 262 263
274 263 264
274 264 265
274 265 266
274 266 267
274 267 268
274 268 269
274 269 270
274 270 271
274 271 272
3
1
5
s 3
s 7
r 11
t 15
t 2
20
1 6 10
2 7 6
3 8 7
4 9 8
5 10 9
11 10 6
11 9 10
11 8 9
11 7 8
11 6 7
1 10 12
1 12 6
5 12 10
5 9 12
4 12 9
4 8 12
3 12 8
3 7 12
2 12 7
2 6 12
1 12 6
