255 255 255
0
#Vertices
15
#Colors
0 0 0
0 0 0
150 100 0
0 0 0
0 0 0
221 0 0
221 0 0
0 255 150
221 0 0
221 0 0
255 206 0
255 206 0
0 0 255
255 206 0
255 206 0
#Positions
-10 0 0
-10 0 -10
0 10 -5
10 0 -10
10 0 0
-10 0 0
-10 0 -10
0 10 -5
10 0 -10
10 0 0
-10 0 0
-10 0 -10
0 10 -5
10 0 -10
10 0 0
#Translations
12
1 0 0
-1 0 0
0 1 0
0 -1 0
0 0 1
0 0 -1
5 0 0
-5 0 0
0 5 0
0 -5 0
0 0 5
0 0 -5
#Scalings
2
1 0.5 1
1 2 1
#Rotations
0
#Models
3
1
1
5
t 12
t 12
t 12
t 12
s 2
6
14 15 11
11 12 14
11 13 12
12 13 14
14 13 15
15 13 11
2
1
2
t 12
t 12
6
9 10 6
6 7 9
6 8 7
7 8 9
9 8 10
10 3 6
3
1
1
s 1
6
4 5 1
1 2 4
1 3 2
2 3 4
4 3 5
5 3 1
