0 156 59
1
#Vertices
21
#Colors
255 255 255
255 255 255
255 255 255
255 255 255
0 0 255
0 0 255
0 255 255
0 255 255
215 20 26
215 20 26
215 20 26
215 20 26
255 0 255
255 0 255
100 255 0
100 255 0
255 0 0
17 69 126
17 69 126
17 69 126
0 255 255
#Positions
-40 25 0
-40 -25 0
40 -25 0
40 25 0
40 25 -5
40 -25 -5
-40 25 -5
-40 -25 -5
-34.2 0.0 0.0
-34.2 -21.3 0.0
34.2 -21.3 0.0
34.2 0.0 0.0
34.2 0.0 -10.0
34.2 -21.3 -10.0
-34.2 0.0 -10.0
-34.2 -21.3 -10.0
5 0 0
5 0 8
0 9 5
-5 0 8
-5 0 0
#Translations
2
0 0 15
-20.1 0 0
#Scalings
6
0.1 0.1 0.1
0.25 0.25 0.25
0.5 0.5 0.5
0.75 0.75 0.75
1.25 1.25 1.25
2.3 2.5 2.5
#Rotations
1
270 0 0 1
#Models
3
1
1
0
12
1 2 3
1 3 4
8 3 2
6 3 8
4 3 6
4 6 5
5 6 8
5 8 7
7 1 4
7 4 5
7 2 1
7 8 2
2
1
1
t 1
12
9 10 11
9 11 12
16 11 10
14 11 16
12 11 14
12 14 13
13 14 16
13 16 15
15 9 12
15 12 13
15 10 9
15 16 10
3
1
5
r 1
s 6
t 1
t 1
t 2
6
17 19 18
18 19 20
20 19 21
21 19 17
18 20 17
17 20 21
